01/20/24 21:10:38
T: -3.1557600000000000000000000000000000000000e+09, DT: 36, m: 1.0000000000000000000000000000000000000000e+12, v0: 4.1464876198602614749688655138015747070312e+04, phi: 3.4906585039886590948743361195738543756306e-02
 1.8924675176353839874267578125000000000000e+10, -1.4591901031990093994140625000000000000000e+11, -4.4625561447284773748833686113357543945312e+04
 -1.2647459078640145874023437500000000000000e+11, -1.0321785070304026794433593750000000000000e+11, 2.1992413955152925848960876464843750000000e+08; 2.9071470430459979979787021875381469726562e+04, -2.0039609596739668631926178932189941406250e+04, -5.9691737870462617365774349309504032135010e+01
-2.6056717130234237629338167607784271240234e+03
-1.0217900611104225845338078215718269348145e+03
-6.2825135271732870023697614669799804687500e+02
-3.3457794334841639738442609086632728576660e+02
-5.4400603950141452003208542009815573692322e+01
-2.4080428031517381981529979384504258632660e+01
-6.3149912565052073176730118575505912303925e+00
-1.6003962928828159295591149202664382755756e+00
-4.1999249497705042344364301243331283330917e+00
